0	1006	1	001
1007	1598	2	002
1599	3148	1	003
3149	3861	0	004
3862	4568	2	005
4569	5535	1	006
5536	6176	2	007
6177	6934	1	008
6935	7310	0	009
7311	8274	1	010
8275	8873	2	011
8874	10067	1	012
10068	10732	2	013
10733	12113	1	014
12114	13174	2	015
13175	14342	1	016
14343	14815	0	017
14816	15812	2	018
15813	16664	1	019
16665	17567	2	020
17568	18392	1	021
18393	19054	2	022
19055	19982	1	023
19983	20735	2	024
20736	21192	1	025
21193	21220	4	026	zoom-in
21221	21795	0	026
21796	22076	5	027	background_change_front
22077	22514	4	028	zoom-in
22515	22793	5	027	background_change_front
22794	22937	4	029	zoom-in
22938	23696	5	027	background_change_front
23697	24300	0	288	fade-out
