0	97	0	018	fade-in
98	1856	1	019
1857	2282	0	020
2283	2701	1	021
2702	3342	2	022
3343	4355	1	023
4356	4690	0	025
4691	5272	1	026
5273	5404	2	027
5405	5441	2	030	이동
5442	5586	0	031
5587	6978	1	032
6979	7486	2	033
7487	8213	1	034
8214	8728	2	035
8729	9925	1	036
9926	10306	0	037
10307	11327	1	038
11328	11934	2	040
11935	13228	1	041
13229	13269	1	045	이동
13270	13423	0	046
13424	13887	1	050	인사
13888	14560	2	051
14561	15565	1	052
15566	15926	2	053
15927	16992	1	055
16993	17250	0	056
17251	18338	1	059
18339	18858	2	060
18859	19271	1	061
19272	19604	0	062
19605	20184	1	063
20185	20891	2	065
20892	21703	1	066
21704	22297	2	067
22298	22800	1	068
22801	23473	2	070
23474	22465	1	071
22466	24484	1	072	이동
24485	24613	0	073
24614	24927	1	074
24928	25399	2	075
25400	25732	1	076
25733	26163	2	077
26164	26883	1	078
26884	27183	0	079
27184	27538	1	080
27539	28123	2	081
28124	28486	1	082
28487	28522	1	083	인사	
28523	28589	0	084	fade-out
