27.210000	28.420000	002
28.560000	31.590000	003
32.050000	33.810000	004
33.850000	35.890000	005
35.920000	37.630000	007
39.020000	41.010000	008
41.070000	43.530000	010
43.890000	46.430000	013
46.890000	47.710000	014
48.450000	49.840000	016
50.110000	50.790000	017
50.890000	51.890000	018
52.230000	52.760000	019
52.830000	53.510000	020
53.550000	54.420000	021
54.640000	55.460000	022
56.560000	57.940000	023
58.270000	59.700000	025
59.930000	61.520000	026
61.540000	63.060000	027
63.270000	64.600000	028
64.750000	66.110000	029
66.760000	68.160000	030
68.260000	69.570000	031
69.760000	71.480000	032
71.650000	74.640000	033
75.290000	76.660000	034
76.790000	77.790000	035
77.960000	79.060000	036
79.210000	81.240000	037
81.980000	83.650000	038
83.810000	84.960000	039
85.000000	85.930000	040
86.470000	88.010000	041
88.140000	90.280000	042
90.310000	91.140000	043
91.390000	93.840000	044
94.050000	94.870000	045
94.920000	95.920000	046
96.680000	97.460000	047
97.630000	98.850000	048
98.890000	100.690000	049
100.800000	101.590000	050
101.610000	102.630000	051
103.980000	106.860000	052
107.230000	107.890000	053
108.000000	108.990000	054
109.110000	112.820000	055
112.860000	114.020000	056
114.860000	116.220000	057
116.360000	117.460000	058
117.520000	119.200000	059
119.370000	121.140000	060
121.250000	123.160000	061
123.740000	126.610000	063
126.810000	129.160000	064
129.280000	130.250000	065
130.310000	132.800000	067
133.900000	137.170000	069
137.410000	142.080000	072
142.630000	145.350000	074
145.470000	146.990000	075
147.040000	147.880000	076
148.540000	149.630000	077
149.860000	151.690000	078
152.050000	153.540000	079
153.530000	154.240000	080
154.270000	155.210000	081
155.610000	156.320000	082
156.480000	157.790000	083
158.190000	160.190000	084
160.830000	162.400000	085
162.550000	165.380000	086
165.670000	166.790000	087
167.290000	168.170000	088
168.370000	169.630000	089
169.660000	171.430000	090
173.170000	176.030000	092
176.160000	179.280000	094
180.280000	181.920000	096
182.300000	185.240000	097
185.280000	186.260000	098
186.590000	188.730000	099
188.780000	190.470000	100
190.550000	193.560000	101
193.580000	194.400000	102
194.440000	195.330000	103
196.000000	198.900000	106
200.480000	202.940000	107
203.100000	205.630000	108
205.770000	208.580000	109
209.450000	210.720000	110
210.870000	212.050000	111
212.080000	214.630000	113
215.010000	215.660000	114
216.060000	217.430000	115
217.500000	220.010000	116
220.080000	226.150000	119
226.230000	228.910000	122
229.760000	230.580000	123
230.880000	234.570000	124
234.740000	237.140000	125
237.200000	239.510000	126
239.540000	240.340000	127
241.410000	242.310000	128
242.460000	245.030000	129
245.050000	247.480000	130
247.740000	248.390000	131
248.830000	250.790000	132
250.810000	253.470000	133
253.800000	254.380000	134
254.780000	257.130000	135
257.210000	258.820000	136
258.890000	261.100000	137
261.190000	261.920000	138
262.180000	263.120000	139
263.140000	265.170000	140
265.750000	266.520000	141
266.630000	268.580000	142
269.020000	270.840000	143
270.920000	272.580000	144
272.810000	273.650000	145
273.670000	274.640000	146
276.090000	277.300000	147
277.560000	280.260000	148
280.270000	281.290000	149
282.360000	283.970000	150
284.130000	286.890000	151
286.970000	288.960000	152
289.190000	291.450000	154
293.010000	298.180000	157
299.030000	303.680000	160
305.300000	308.090000	161
308.210000	309.240000	162
309.480000	312.150000	163
312.370000	314.240000	164
314.300000	315.070000	165
315.780000	317.420000	166
317.800000	320.420000	167
320.680000	322.230000	168
322.280000	323.260000	169
323.300000	324.260000	170
325.290000	327.540000	171
327.540000	328.350000	172
330.190000	331.070000	173
331.170000	333.140000	174
334.090000	335.180000	175
335.320000	337.280000	176
337.580000	338.440000	177
338.490000	339.460000	178
339.560000	340.310000	179
340.510000	341.140000	180
341.300000	342.120000	181
342.240000	343.020000	182
343.930000	345.250000	183
345.350000	347.550000	184
347.890000	348.980000	185
349.030000	350.070000	186
350.210000	351.900000	187
352.150000	356.830000	190
357.030000	358.790000	191
358.890000	359.720000	192
360.990000	361.660000	193
361.870000	363.840000	194
364.130000	366.700000	195
366.870000	368.870000	196
369.090000	370.100000	197
370.990000	371.940000	198
371.990000	373.290000	199
373.410000	375.170000	200
375.380000	377.630000	201
377.910000	379.410000	202
379.460000	380.290000	203
381.890000	382.930000	204
383.150000	384.860000	205
385.380000	387.420000	206
387.890000	389.980000	207
390.170000	391.310000	208
391.570000	393.570000	209
393.760000	396.850000	210
396.980000	398.080000	211
399.000000	400.290000	212
400.550000	401.670000	213
401.790000	404.400000	214
404.970000	405.490000	215
405.530000	406.560000	216
406.800000	408.390000	217
408.630000	409.230000	218
409.320000	410.720000	219
410.800000	412.030000	220
412.070000	413.150000	221
413.170000	413.920000	222
414.180000	415.120000	223
415.310000	415.880000	224
416.070000	417.640000	226
418.980000	419.730000	227
419.950000	420.970000	228
421.610000	425.850000	229
426.180000	427.180000	230
427.250000	428.270000	231
428.440000	429.110000	232
429.260000	430.050000	233
431.250000	433.190000	234
433.390000	434.810000	235
435.490000	437.700000	236
438.180000	439.130000	237
439.480000	443.370000	238
444.400000	449.690000	239
450.190000	452.000000	240
452.100000	455.230000	242
455.710000	459.660000	244
460.270000	462.170000	245
462.200000	465.000000	246
465.570000	467.030000	247
467.240000	468.710000	248
468.800000	469.620000	249
469.660000	472.940000	251
473.580000	476.120000	252
476.480000	477.610000	253
477.670000	479.840000	254
479.880000	480.550000	255
480.630000	481.530000	256
481.980000	482.940000	257
483.100000	485.120000	258
486.060000	486.960000	259
487.040000	489.030000	260
489.130000	490.530000	261
490.530000	491.880000	262
492.090000	493.660000	263
493.870000	494.540000	264
494.610000	496.210000	265
496.250000	497.380000	266
497.420000	498.240000	267
498.380000	499.350000	268
500.200000	501.240000	269
501.320000	503.080000	270
503.260000	504.320000	271
504.310000	505.260000	272
505.300000	506.340000	273
506.370000	508.090000	274
508.430000	509.310000	275
509.900000	514.800000	278
515.730000	516.440000	279
516.530000	517.890000	280
517.900000	520.550000	281
520.670000	524.600000	285
525.360000	526.770000	286
527.160000	528.330000	287
528.650000	529.310000	288
529.560000	531.220000	289
531.610000	534.100000	290
534.320000	535.270000	291
536.410000	537.170000	292
537.350000	538.290000	293
538.640000	540.070000	294
540.140000	542.040000	296
542.160000	542.910000	297
