21.650000	26.950000	003
27.340000	36.000000	006
36.460000	42.270000	008
43.040000	52.630000	011
53.720000	63.600000	015
64.550000	72.180000	018
72.430000	79.330000	020
80.350000	86.560000	022
86.910000	95.910000	025
96.770000	99.570000	027
100.190000	105.840000	030
105.990000	110.630000	031
111.760000	115.770000	034	구간수정
116.200000	121.470000	036
122.190000	127.490000	038
127.970000	133.710000	040
134.260000	140.670000	044
141.150000	145.890000	046
146.030000	151.640000	048
152.540000	159.560000	051
160.730000	166.800000	054
167.000000	173.570000	055
174.140000	181.100000	058
181.700000	190.460000	061	구간수정
191.640000	195.250000	062
195.770000	202.420000	064
203.190000	211.430000	067
212.260000	216.640000	068
216.890000	222.630000	074
222.660000	226.990000	076
227.640000	230.390000	077
230.960000	234.410000	079
234.560000	239.500000	081
240.440000	246.230000	083
246.680000	251.910000	085
252.150000	255.670000	086
255.960000	261.710000	089
262.470000	264.200000	090
264.540000	268.490000	091
268.550000	275.080000	093	구간수정
276.300000	281.370000	095
281.380000	286.780000	097	구간수정
287.820000	289.960000	098
290.480000	297.750000	101
298.150000	302.690000	104	구간수정
303.960000	304.290000	105
304.310000	309.940000	107
310.700000	315.390000	109
315.900000	318.110000	110
318.760000	321.710000	111
322.160000	328.900000	114
329.660000	337.650000	118
338.400000	343.880000	120
344.150000	351.950000	123	구간수정
352.850000	359.140000	127
359.440000	363.500000	131
363.600000	369.880000	133
370.180000	373.930000	135	구간수정
374.720000	378.220000	136
379.110000	387.650000	139
387.880000	392.790000	141
392.950000	398.730000	143	구간수정
399.320000	407.410000	146
407.490000	410.410000	147
410.800000	414.280000	149
414.300000	418.590000	150
418.890000	425.410000	152
425.400000	429.150000	153
429.720000	434.160000	155
434.980000	439.740000	156
440.190000	443.710000	158
443.990000	452.380000	160
452.990000	461.050000	162
461.480000	468.190000	165
468.350000	473.500000	167
474.060000	479.810000	169
480.140000	484.970000	172
485.180000	493.680000	175
494.610000	496.630000	176	구간수정
497.180000	501.210000	177	실수
501.420000	508.320000	180
509.380000	517.860000	183	구간수정
518.810000	522.550000	185	구간수정
523.270000	528.670000	187
529.490000	535.330000	190
536.020000	541.050000	192
541.830000	545.410000	194
546.460000	548.350000	195
549.120000	553.760000	197
554.320000	557.620000	199
558.080000	562.490000	201
563.200000	566.590000	203	구간수정
567.090000	572.410000	206
572.560000	577.010000	209
