18.550000	22.970000	003
26.190000	32.390000	005
32.720000	37.530000	007
37.900000	42.820000	009
43.110000	48.580000	011
49.010000	53.320000	012	실수
53.600000	62.600000	014
62.660000	68.470000	017
68.950000	77.330000	018
77.350000	80.080000	019
80.150000	85.990000	020	실수
86.410000	89.820000	021
89.980000	97.350000	022	발음이상
97.420000	102.570000	023
103.430000	105.150000	024
106.920000	116.270000	026
116.380000	120.900000	027
121.510000	129.250000	029
129.650000	132.180000	030
132.270000	141.150000	031
141.250000	149.300000	033
149.310000	157.080000	035
160.700000	167.670000	038
167.800000	172.530000	039
172.910000	173.810000	040	실수
174.170000	177.790000	041
178.300000	180.900000	043
181.010000	182.710000	044
182.940000	187.410000	045
187.710000	195.390000	047
195.750000	200.210000	048
200.670000	209.790000	051
209.810000	216.420000	052	구간수정
216.450000	220.400000	053
220.850000	225.110000	054
225.320000	228.600000	055
228.910000	237.050000	058
237.280000	246.000000	059
246.370000	252.130000	060
252.160000	255.620000	061
255.940000	262.020000	065
262.260000	264.860000	066
265.430000	269.650000	068
269.640000	272.190000	069	실수
272.580000	282.530000	072
282.870000	283.920000	073
