11.440000	14.620000	002
14.860000	19.950000	006
21.420000	29.890000	010
30.130000	38.200000	013
38.520000	42.760000	015
43.420000	50.210000	019
50.450000	54.050000	021
55.120000	59.960000	023
60.570000	62.890000	024
63.080000	69.320000	028
70.240000	74.510000	030
74.980000	78.350000	031
78.850000	84.370000	033
85.170000	90.850000	036
91.020000	96.440000	039
96.780000	103.200000	043
104.670000	107.540000	044
108.120000	110.890000	046
111.170000	120.610000	051
121.740000	131.620000	055
132.000000	138.050000	058
138.760000	144.130000	062
145.550000	152.900000	066
154.270000	160.450000	067
160.810000	169.410000	070
169.630000	177.360000	074	구간수정
178.740000	186.490000	078
186.920000	193.220000	080	구간수정
194.200000	200.430000	085
200.750000	201.790000	086
203.350000	210.480000	088
211.300000	220.860000	093	구간수정
221.620000	228.270000	096
228.740000	231.980000	098
232.490000	236.880000	100
237.670000	239.820000	101
240.270000	245.170000	102
245.340000	253.940000	107
254.080000	260.330000	109	실수
261.220000	266.810000	111
266.900000	271.860000	115
273.610000	280.970000	117	구간수정
281.870000	291.600000	122
292.530000	299.450000	125
300.270000	304.680000	127	발음이상
305.000000	309.500000	129
310.310000	315.800000	131
316.730000	322.520000	133
323.620000	330.160000	135
331.230000	338.110000	139
338.210000	346.360000	144
348.160000	353.090000	147
354.550000	357.130000	149
357.420000	365.210000	152
365.810000	373.640000	155	구간수정
374.550000	383.860000	160
384.530000	389.360000	162
389.390000	394.620000	164	구간수정
396.490000	401.060000	166
401.510000	409.230000	169
409.750000	415.660000	172
415.890000	421.410000	176	구간수정
422.930000	425.130000	177
426.120000	432.590000	182
432.780000	437.760000	184	구간수정
440.850000	447.050000	186
447.160000	452.580000	191	구간수정
453.490000	458.360000	193	구간수정
458.720000	462.950000	196	구간수정
463.880000	469.910000	198
470.180000	474.630000	199
475.060000	481.330000	203
481.380000	485.610000	206
487.600000	491.330000	207
492.230000	497.160000	209
498.320000	503.640000	212
504.410000	508.920000	214
509.790000	515.320000	218
516.820000	525.030000	221
526.060000	532.570000	224
533.290000	538.850000	227
539.420000	542.160000	228
544.220000	549.100000	231
549.360000	553.150000	233
553.510000	557.820000	236
558.250000	563.140000	238
563.520000	570.540000	243
571.670000	576.560000	245
578.450000	583.170000	247
583.260000	588.950000	250
589.230000	595.170000	254
596.150000	600.460000	257
601.610000	605.730000	260
606.290000	607.210000	261