26.360000	29.090000	003
30.720000	33.050000	004
33.930000	38.200000	006
38.900000	44.560000	009
44.800000	46.840000	010
47.500000	50.390000	011
51.300000	53.870000	012
54.830000	59.730000	014
59.920000	64.870000	016
65.870000	71.640000	020
71.710000	77.600000	024
77.920000	82.650000	026	실수
83.900000	87.220000	028
87.710000	93.680000	031
94.390000	99.930000	035
100.190000	107.050000	039
107.080000	113.580000	041
114.150000	119.550000	044
119.800000	120.640000	045
120.860000	124.330000	048
124.510000	125.560000	049
125.650000	130.090000	052
130.460000	139.880000	057
140.280000	146.980000	062
147.140000	153.840000	065
153.940000	159.740000	068
160.150000	166.720000	073
166.810000	173.090000	077
173.830000	175.710000	079
177.060000	183.440000	082
183.820000	192.280000	085
193.940000	198.170000	088
198.240000	200.780000	089
200.930000	205.720000	091
206.020000	209.730000	093
209.770000	212.290000	095
212.330000	213.920000	096	실수
213.940000	216.780000	098
216.820000	223.680000	102
223.750000	231.660000	105
231.850000	235.430000	107
236.070000	237.940000	108	실수
238.170000	245.990000	113
246.330000	249.370000	115
249.630000	258.320000	119
259.070000	263.700000	122
263.880000	270.410000	125
271.860000	279.860000	129
280.510000	287.440000	133
287.860000	295.370000	137
295.580000	303.780000	142	구간수정
305.160000	313.130000	147
313.120000	318.870000	151
318.890000	321.580000	153
321.840000	325.710000	156
325.700000	335.420000	161
336.440000	343.900000	165
345.240000	352.440000	168
352.910000	359.950000	171
360.060000	363.120000	172
363.470000	371.780000	175
372.140000	375.380000	176
375.970000	381.090000	178
382.110000	384.540000	179
385.120000	391.740000	183
391.900000	395.750000	186
396.140000	398.570000	188
399.170000	407.750000	194
407.770000	411.630000	197
412.030000	413.890000	198
413.900000	416.070000	199	실수
416.130000	418.130000	200
418.320000	424.870000	203
425.600000	428.150000	205	발음이상
428.300000	431.730000	206	실수
431.790000	434.700000	207
435.400000	443.320000	212
443.910000	445.770000	213
446.030000	453.230000	217
454.240000	458.970000	220
459.220000	463.520000	223
463.750000	469.250000	225
471.470000	480.450000	229
480.450000	482.290000	231
482.280000	484.870000	232	실수
484.910000	489.990000	234
489.990000	494.380000	238
494.670000	503.090000	241
503.840000	506.190000	242
506.830000	511.480000	245
511.690000	515.170000	247	발음 이상
515.590000	521.980000	250
522.860000	529.070000	254
529.370000	537.140000	258
537.910000	539.690000	259
540.270000	543.280000	260
543.610000	544.940000	261
545.010000	548.400000	262	발음이상
548.460000	555.584000	263	구간쪼갬
555.650000	561.140000	265	구간쪼갬
