20.450000	27.580000	006
27.630000	34.430000	007
36.420000	41.760000	011
41.980000	45.090000	012
45.210000	48.790000	013
49.160000	55.100000	016
55.150000	62.560000	019
62.640000	71.470000	021
71.570000	77.920000	023
78.430000	85.630000	026
85.750000	94.470000	029
94.530000	104.160000	033
104.230000	107.580000	034
107.810000	112.730000	036
112.770000	118.760000	039
119.370000	125.690000	041
126.020000	133.460000	044
133.670000	136.560000	045
136.760000	139.230000	046
139.280000	147.780000	049
147.860000	152.570000	051
152.560000	160.000000	052
160.200000	168.650000	053
168.650000	171.030000	055
171.100000	175.520000	056
175.780000	183.850000	058
183.870000	190.610000	059
190.710000	195.450000	061
195.440000	201.210000	062	구간수정
202.400000	210.200000	063
210.350000	217.070000	065
217.150000	222.090000	067
222.120000	225.900000	068
226.040000	234.540000	069	구간수정
235.070000	240.620000	070	구간수정
240.720000	250.280000	071
250.280000	259.800000	072
260.010000	269.000000	075
269.090000	272.640000	077
272.650000	276.010000	078
276.450000	286.440000	078
286.540000	292.480000	080
292.720000	299.830000	081
300.060000	303.790000	082
304.120000	308.030000	084
308.070000	317.720000	087
317.760000	318.100000	088
318.140000	320.510000	089
320.600000	322.970000	090
323.260000	329.720000	092
329.720000	336.020000	094
336.250000	338.460000	095
338.690000	343.090000	096
343.400000	350.080000	097	구간수정
350.240000	357.020000	098	구간수정
357.190000	362.040000	100
362.100000	369.890000	102
370.170000	377.520000	104
377.530000	385.250000	105
385.320000	389.380000	106
389.600000	395.960000	109
396.070000	406.030000	112
406.510000	410.200000	113
410.660000	417.960000	116
418.060000	424.510000	119
424.670000	432.260000	122
432.300000	437.850000	124
438.500000	441.000000	125
441.480000	447.470000	127
447.840000	454.040000	128	구간수정
454.320000	458.900000	129	구간수정
459.230000	463.760000	130
463.850000	470.500000	131
470.700000	477.330000	134	구간수정
477.500000	482.000000	136
482.270000	491.190000	139
491.600000	494.040000	140
494.300000	501.430000	143
501.720000	507.770000	145
507.970000	517.120000	149
517.170000	522.160000	151
522.190000	531.090000	155
531.240000	535.320000	156
535.530000	541.590000	157
541.960000	551.120000	161
551.210000	552.720000	162
552.920000	557.390000	163
557.790000	564.040000	165	구간수정
564.240000	573.520000	166	구간수정
573.510000	577.480000	168
