20.740000	23.780000	004
24.850000	34.190000	006
34.990000	44.390000	011
45.470000	54.390000	015
55.700000	60.320000	016
60.380000	62.120000	017	실수
62.170000	70.130000	021
71.140000	77.250000	025	구간수정
78.100000	87.070000	029
88.520000	93.690000	032
93.820000	98.870000	034	구간수정
100.010000	101.620000	035
101.610000	104.130000	036	실수
104.200000	108.050000	037
108.780000	117.180000	041
117.740000	121.490000	042	실수
122.160000	125.590000	044	
125.690000	132.320000	045	구간수정
132.970000	139.770000	047
139.810000	142.990000	049	구간수정
144.290000	152.120000	052
153.140000	158.770000	054
158.820000	163.450000	056	구간수정
164.220000	165.320000	057
165.350000	167.480000	058	실수
167.510000	174.350000	061
174.500000	179.810000	063
180.550000	183.600000	066
183.780000	187.880000	067	실수
187.950000	192.690000	069
193.900000	201.910000	073
202.080000	204.450000	074
204.980000	207.060000	075
207.320000	210.250000	076
210.740000	212.990000	077
213.640000	215.130000	078
215.360000	218.680000	079
219.590000	224.480000	082
224.820000	226.990000	083
227.630000	235.650000	086
236.620000	242.950000	090
243.480000	248.460000	093
248.460000	257.080000	096
257.220000	265.270000	100
266.180000	272.470000	103
273.590000	274.990000	104	실수
275.410000	276.120000	105	실수
276.120000	281.170000	108
281.870000	285.270000	109
285.970000	291.500000	110
291.980000	296.560000	112
297.500000	305.230000	114
305.910000	311.740000	117
311.760000	316.880000	119
318.510000	326.280000	122
326.300000	328.650000	124
329.330000	336.340000	127
336.940000	346.410000	131	구간수정
346.900000	351.160000	133	구간수정
351.890000	356.800000	135
356.830000	360.450000	137
360.520000	369.880000	141
370.430000	376.730000	144
377.460000	380.580000	145	실수
380.840000	383.170000	147
384.090000	388.320000	148
388.680000	393.640000	150
394.310000	401.220000	153	구간수정
401.750000	402.820000	154	발음이상
402.960000	405.310000	155	발음이상
405.410000	408.310000	157
408.750000	410.640000	158	구간수정
411.540000	420.270000	162	구간수정
421.120000	424.600000	164
425.150000	431.820000	167
432.560000	438.450000	170
439.130000	441.540000	171
442.040000	444.880000	173
445.310000	447.070000	174
448.030000	452.180000	176	구간수정
452.990000	461.950000	180
462.680000	468.660000	184
469.270000	476.790000	187
477.100000	481.760000	189
482.350000	491.530000	192
493.090000	502.220000	195
503.030000	508.200000	198
508.430000	513.850000	200
513.890000	519.430000	201
520.190000	528.500000	204
528.540000	529.000000	205	실수
529.050000	532.680000	207
533.140000	536.700000	208
537.070000	541.480000	210
541.970000	548.260000	212
549.090000	552.130000	214
553.230000	558.040000	217
558.310000	560.210000	218
561.450000	564.530000	220
565.130000	568.160000	221
569.260000	574.180000	225
574.610000	580.970000	229
581.530000	584.320000	231
585.060000	588.730000	234
