11.870000	16.580000	003
17.590000	23.040000	007
25.410000	31.820000	010
32.270000	35.850000	011
36.920000	43.350000	014
43.990000	49.460000	017
51.070000	56.380000	019
57.250000	61.920000	021
63.020000	70.950000	025
71.470000	75.930000	027
76.900000	81.030000	029
82.870000	90.780000	031
91.580000	92.410000	032
93.290000	102.500000	035
103.720000	113.500000	040
114.680000	120.900000	042
122.430000	128.960000	046
129.380000	136.230000	048
137.020000	140.950000	050
141.320000	148.360000	054
149.790000	154.600000	056
155.280000	161.250000	059
161.710000	165.410000	060
166.850000	172.910000	062
174.430000	180.710000	064
181.410000	187.030000	068
187.260000	193.480000	070	구간수정
194.450000	203.720000	073
204.360000	206.550000	074
207.550000	214.970000	077
215.520000	220.860000	080
221.940000	230.230000	083
230.380000	234.630000	085
235.650000	239.940000	088
241.240000	246.990000	092	구간수정
248.280000	252.940000	093
253.400000	261.020000	096
262.670000	265.310000	098
265.470000	273.110000	100
275.000000	279.420000	102
279.740000	286.070000	106	구간수정
287.550000	294.200000	109
295.930000	301.420000	110
301.820000	307.450000	111
308.710000	315.260000	114
315.570000	322.350000	119
323.730000	327.680000	121
327.940000	330.410000	122
330.690000	332.750000	123	실수
332.740000	335.090000	124	
337.040000	344.950000	127
346.250000	350.310000	129
350.550000	356.210000	131	구간수정
357.230000	361.530000	132	구간수정
362.410000	366.120000	133
366.400000	370.970000	136
371.970000	374.800000	137
376.280000	380.890000	139
381.350000	385.620000	141
386.040000	395.910000	146
397.690000	405.230000	150	구간수정
406.730000	415.170000	155
415.580000	424.790000	158
427.030000	431.570000	159	구간수정
432.740000	437.700000	161
437.970000	445.450000	164
446.970000	453.600000	166
453.940000	461.660000	168
463.180000	464.770000	169
465.670000	467.910000	170
468.930000	472.160000	172
472.480000	478.490000	176
479.610000	484.030000	178
484.440000	485.820000	179
486.800000	493.270000	182
494.860000	498.380000	184
498.880000	502.280000	186
504.120000	508.500000	188
509.050000	511.200000	189
512.230000	516.360000	190
517.220000	522.640000	192
523.100000	527.810000	195
528.730000	536.400000	200
536.960000	537.790000	201
